20100001
00000000
00000000
00000000
20110005
00000000
00000000
00000000
22320000
00000000
00000000
00000000
200B0001
00000000
00000000
00000000
024B402A
00000000
00000000
00000000
110B000A
00000000
00000000
00000000
200C0000
00000000
00000000
00000000
22530000
00000000
00000000
00000000
026B402A
00000000
00000000
00000000
110B0003
00000000
00000000
00000000
01906020
00000000
00000000
00000000
026B9822
00000000
00000000
00000000
08000008
00000000
00000000
00000000
21900000
00000000
00000000
00000000
024B9022
00000000
00000000
00000000
08000004
00000000
00000000
00000000