22300005
00000000
00000000
00000000
2268FFF4
00000000
00000000
00000000
02088820
00000000
00000000
00000000
AC110FA0
00000000
00000000
00000000
2112000F
00000000
00000000
00000000
8C0A0FA0
00000000
00000000
00000000
024A9822
00000000
00000000
00000000
0013A100
00000000
00000000
00000000
0013A842
00000000
00000000
00000000
0008B143
00000000
00000000
00000000
02B44804
00000000
00000000
00000000
02B45806
00000000
00000000
00000000
02B46007
00000000
00000000
00000000
01800011
00000000
00000000
00000000
01000013
00000000
00000000
00000000
018C0018
00000000
00000000
00000000
010C0018
00000000
00000000
00000000
00006810
00000000
00000000
00000000
00007012
00000000
00000000
00000000
0295001A
00000000
00000000
00000000
02957824
00000000
00000000
00000000
0294C024
00000000
00000000
00000000
02957825
00000000
00000000
00000000
0294C026
00000000
00000000
00000000
02957827
00000000
00000000
00000000
01F8C02A
00000000
00000000
00000000
01F8782B
00000000
00000000
00000000
010B4021
00000000
00000000
00000000
01684023
00000000
00000000
00000000
016A4019
00000000
00000000
00000000
014B401B
00000000
00000000
00000000
2010008C
00000000
00000000
00000000
02000008
00000000
00000000
00000000
20100096
00000000
00000000
00000000
20100000
00000000
00000000
00000000
201000BE
00000000
00000000
00000000
2010009C
00000000
00000000
00000000
02000009
00000000
00000000
00000000
201000BE
00000000
00000000
00000000
20100000
00000000
00000000
00000000
0800002B
00000000
00000000
00000000
201000BE
00000000
00000000
00000000
2010009C
00000000
00000000
00000000
20110000
00000000
00000000
00000000
12110002
00000000
00000000
00000000
2010009C
00000000
00000000
00000000
20110000
00000000
00000000
00000000
201000BE
00000000
00000000
00000000
16110002
00000000
00000000
00000000
2010009C
00000000
00000000
00000000
201000BE
00000000
00000000
00000000
20110000
00000000
00000000
00000000
05400001
00000000
00000000
00000000
2010009C
00000000
00000000
00000000
201100BE
00000000
00000000
00000000
20130000
00000000
00000000
00000000
1A600002
00000000
00000000
00000000
2012009C
00000000
00000000
00000000
20100001
00000000
00000000
00000000
20110000
00000000
00000000
00000000
1E200002
00000000
00000000
00000000
2012009C
00000000
00000000
00000000
20100001
00000000
00000000
00000000
20110001
00000000
00000000
00000000
3252FFFF
00000000
00000000
00000000
3652FFFF
00000000
00000000
00000000
3A52FFFF
00000000
00000000
00000000
3C08009C
