20050101
00000000
00000000
00000000
00A0001A
00000000
00000000
00000000
A005000A
00000000
00000000
00000000
A4050005
00000000
00000000
00000000
AC05000F
00000000
00000000
00000000
800A000F
00000000
00000000
00000000
840B000F
00000000
00000000
00000000
8C0C000F
00000000
00000000
00000000
00050020
00000000
00000000
00000000
3C0D0003
00000000
00000000
00000000
20060002
00000000
00000000
00000000
2007FFFB
00000000
00000000
00000000
24A8FFF0
00000000
00000000
00000000
2809000F
00000000
00000000
00000000
2C0EFFFF






