20020005
00000000
00000000
00000000
2003000c
00000000
00000000
00000000
2067fff7
00000000
00000000
00000000
00e22025
00000000
00000000
00000000
00642824
00000000
00000000
00000000
00a42820
00000000
00000000
00000000
10a7000a
00000000
00000000
00000000
0064202a
00000000
00000000
00000000
10800001
00000000
00000000
00000000
20050000
00000000
00000000
00000000
00e2202a
00000000
00000000
00000000
00853820
00000000
00000000
00000000
00e23822
00000000
00000000
00000000
ac670044
00000000
00000000
00000000
8c020050
00000000
00000000
00000000
08000011
00000000
00000000
00000000
20020001
00000000
00000000
00000000
ac020054
00000000
00000000
00000000